   0   0   1  81 159  22   0   7   0   7 153 240 153  19   0   0
   0   0  19  51 147  13   0  19   0   0 174 147 108   1   0   0
   0   0  16  45 102  19   0  57   0   0 135 159  69   0   0   0
   0   0  16  45  90  57   0  75   0   4 126 156  24   0   0   0
   0   0   4  51  57  39   0  16   4  13  72  63  10   0   0   0
   0   0   4  39  51  39   1  10  24   1  48  48  45   0   0   0
   0   0   0  24  78  19   0   0  13  13  78  45  27   1   0   0
   0   0   7  10  22   1   0   0   4   7  39  66  22   0   0   0
   0   0  10  42  39  22   0   1   1  19  22  60  30   4   0   0
   0   0  16  51  22   1   7   0   0   4  13  60  27  16   0   0
   0   0   0  16   4   0   0   0   0  13  13  75  27  13   0   0
   0   0   1  19   1   1   0   0   1   7   4 102  30   4   0   0
   0   0   0  22  13   4   0   7   0   0  10  42  39  10   0   0
   0   0   4  10   1   0   0   0   0  10   7  30  24   4   0   0
   0   0   0   4   0   0   0   1   1   0   0  24  30   7   0   0
   0   0   0   7   4   1   0   0   0   1  13  19  27   1   0   0
   0   0   0  16   7   1   1   0   1   0   1  30  30  16   0   0
   0   0   1  27  16  10   1  16   1  39  27  99 132  54   0   0
   0   0   0  16  24  16   0  22   7  75  54  63  75  19   0   0
   0   0   1  19  16   1   1  10  27  24  57  96  84   4   0   0
   0   0   0  27  60  27   7  16  42  24  57 108 123   7   0   0
   0   0   0  13  57  39  22   7  30  13  19  78  78  22   0   0
   0   0   0  10  45  24  16   7  10   0   7  45  75   4   0   0
   0   0   0   1  16  16   0   1   4   0   0  60  60  10   0   0
   0   0   0   0   4   1   0   1   1   0   0  69 117  22   0   0
